Book-Title,1st to Die: A Novel,A Heartbreaking Work of Staggering Genius,A Map of the World,A Painted House,A Prayer for Owen Meany,A Time to Kill,ANGELA'S ASHES,Angela's Ashes (MMP) : A Memoir,Angels &amp; Demons,Balzac and the Little Chinese Seamstress : A Novel,Bel Canto: A Novel,Black Notice,Chicken Soup for the Soul (Chicken Soup for the Soul),Cold Mountain : A Novel,Congo,Divine Secrets of the Ya-Ya Sisterhood: A Novel,Fahrenheit 451,Fall On Your Knees (Oprah #45),Girl with a Pearl Earring,Good in Bed,Harry Potter and the Chamber of Secrets (Book 2),Harry Potter and the Sorcerer's Stone (Harry Potter (Paperback)),House of Sand and Fog,Icy Sparks,Interview with the Vampire,Into Thin Air : A Personal Account of the Mt. Everest Disaster,Jurassic Park,Life of Pi,Little Altars Everywhere: A Novel,Lucky : A Memoir,Me Talk Pretty One Day,Message in a Bottle,Midnight in the Garden of Good and Evil: A Savannah Story,Mystic River,Nickel and Dimed: On (Not) Getting By in America,One for the Money (Stephanie Plum Novels (Paperback)),Red Dragon,SHIPPING NEWS,STONES FROM THE RIVER,She's Come Undone (Oprah's Book Club (Paperback)),She's Come Undone (Oprah's Book Club),Snow Falling on Cedars,Sphere,Summer Sisters,The Alienist,"The Bad Beginning (A Series of Unfortunate Events, Book 1)",The Beach House,The Bean Trees,The Bonesetter's Daughter,The Book of Ruth (Oprah's Book Club (Paperback)),The Brethren,The Bridges of Madison County,The Catcher in the Rye,The Client,The Da Vinci Code,The Divine Secrets of the Ya-Ya Sisterhood: A Novel,The Firm,The Five People You Meet in Heaven,The Girls' Guide to Hunting and Fishing,The Handmaid's Tale,The Horse Whisperer,The Hours: A Novel,The Joy Luck Club,The Kitchen God's Wife,The Lovely Bones: A Novel,The Nanny Diaries: A Novel,The No. 1 Ladies' Detective Agency (Today Show Book Club #8),The Notebook,The Partner,The Pelican Brief,The Perfect Storm : A True Story of Men Against the Sea,The Pilot's Wife : A Novel,The Poisonwood Bible: A Novel,The Rainmaker,The Reader,The Red Tent (Bestselling Backlist),The Runaway Jury,The Secret Life of Bees,The Street Lawyer,The Summons,The Testament,Timeline,To Kill a Mockingbird,"Tuesdays with Morrie: An Old Man, a Young Man, and Life's Greatest Lesson",Two for the Dough,Vinegar Hill (Oprah's Book Club (Paperback)),We Were the Mulvaneys,Where the Heart Is (Oprah's Book Club (Paperback)),While I Was Gone,White Oleander : A Novel,White Oleander : A Novel (Oprah's Book Club),Wicked: The Life and Times of the Wicked Witch of the West,Wild Animus
1st to Die: A Novel,1.0,-0.00997118045186335,0.23523397974222046,0.06396565709004402,0.08425446952299882,0.0458068265344511,0.13374206336534752,0.08111265665903696,-0.01135900834027253,0.12633154032268715,-0.00877692382781818,-0.006425716075401125,0.0590875254657236,-0.007669413657152323,0.1938012901013527,-0.014342518777436966,0.12059958977731194,0.1235816011609966,-0.011947275905081968,0.12134804751567091,0.08168249065107858,0.056822619973684,0.13250961291422056,0.1537606865208616,0.059025708257068044,0.04921691912176528,0.07218441142997437,0.035722622059636756,0.05505784117166368,0.09762292192873315,0.0661813225139344,-0.009184627482318554,-0.008011910740341337,0.06751359228608222,-0.008437171474784762,0.22135598255900554,-0.008063043343344142,0.11586458612011079,0.10529935991519732,0.0011951376760510248,0.07321964470296811,0.06596206565790765,-0.008001432257683322,0.1625236435376842,0.0658053865310523,0.10042309129395223,0.06606295672663294,-0.009764670195384953,0.08346000179783596,0.07250334666216658,0.07922705601603162,0.1737680315072805,0.05209113015076558,0.0891968729291337,0.08454657231745852,0.07605828954161481,0.0008651377130028555,0.11096583557711374,0.0439805079995164,0.08912150631198773,0.09730036648639989,0.19005128697631776,-0.010543211722969556,0.07874522672188806,0.05393068366261208,0.09550088276149489,-0.0100049191030244,0.12454627265831679,-0.008757528339217209,0.038159265527606484,0.08924756972470478,-0.012151946859256402,0.01651694184219112,0.057372995186064674,0.1336145691895143,0.10431024872988799,0.09042159304320307,0.09585493782223552,0.08346679297326644,0.07096596363121899,0.09887753805449345,0.13676337037039707,0.02534513279436787,0.06604067570159945,0.16643939355338,0.10528449465781245,0.11016137050489706,0.11007309794914977,-0.008411007975859183,0.16220645503197584,-0.010465423751891498,0.1611151771781123,0.04461034673578125
A Heartbreaking Work of Staggering Genius,-0.00997118045186335,1.0,0.0676638174865385,-0.012031522564675495,-0.010737354007791342,0.04597625395755081,-0.009601050082928997,-0.011337585583219269,-0.012959539362634274,0.10439312114860574,0.060225409209862406,-0.007331125915017595,-0.011495514494225154,-0.008750065604389368,-0.009022710152895578,0.022989290106385066,-0.011405037110029648,-0.011868606368043417,0.03932275385527874,0.054565066113814155,-0.009214478985773916,-0.014444306684422412,0.01131673655596778,-0.011955990876552627,-0.010620000721637506,-0.009138573293029847,-0.01073167492741032,0.0906868868665148,-0.011289686160752124,-0.010610633863240994,0.12196195237181082,0.004860719575243378,0.04331843689139893,-0.009883804873993356,-0.009626003658180686,0.01776824337164915,0.027239092236159033,0.04230141232051053,-0.010561277089954954,-0.010472613408646905,0.013826046556509672,0.07051435147892568,-0.00912886699213487,-0.013978152683096394,-0.010339187008015489,-0.011287909065589352,-0.009551687687519121,-0.011140552411743094,-0.009522878443455292,-0.01025843283119434,-0.010285487201325294,-0.00978592694010432,-0.013060623601010955,0.011045832750650133,0.022972148455379378,0.05093881932684874,-0.010596852606201097,-0.014208097644088412,0.050783837385219896,0.01383504922811613,0.023829213342528507,0.16199369487825419,0.04792122455144527,0.05289344508895024,0.017048193745295533,0.02344940340170292,0.049055006139245745,-0.012521086024665352,-0.009991500123218318,-0.012236113334357455,-0.009837871319122417,-0.013864206182226911,-0.013804607104860298,-0.008643051782259235,-0.010594955964711255,0.02161942257769287,-0.009581009558588673,0.07387906576539731,-0.009093423184911756,-0.011037880211760059,-0.009474910941063126,-0.011710526356975927,-0.013311761993637232,0.04922584707784427,0.05964368369330892,-0.008006026694789867,-0.010078005882995372,0.02625701810902589,-0.009596153614582404,0.03977064224902461,0.07459779760416484,0.05027528192802567,-0.015630114802447984
A Map of the World,0.23523397974222046,0.0676638174865385,1.0,0.14086334914198176,0.09871644043104358,0.027101570077459988,0.17381631297709244,0.09530731230633932,-0.009392939578456586,0.1735438745953652,0.08978660235423377,-0.0053135239482632315,0.11945703188528191,-0.006341956703070179,0.24641521371811326,0.061929053749612384,0.08453930156510132,0.16561802805903347,0.03889533708337074,0.21713557997825797,0.15916361964707162,0.06853372265811053,0.17576721421736266,0.2624588930052107,0.06999922185121336,0.07471075642343324,0.13572436892482012,0.10485259981678192,0.08413283699763707,0.11388204580273822,0.23999651078127296,0.013598604583214236,0.06585412387539546,0.07944992513060889,0.07449285434341141,0.19632692018593154,0.06525281498585384,0.14676441054536407,0.14251390815011963,0.0042052975502399345,0.11032682807987644,0.13306521564634252,-0.0066165080160271745,0.14815255274654976,0.07763145132443365,0.13938487946018116,0.07771027164234434,0.08446743320868336,0.0974830339427805,0.08522514195703282,0.09287741162462829,0.22631255502050424,0.08083892313981515,0.11792457438364011,0.11547227305750996,0.17402216209719798,0.0038638524335939655,0.14562291137852124,0.20362398171650195,0.10416490136413939,0.14000956452900995,0.24345528157024646,0.1293295821524454,0.17968896124929534,0.08042369549854425,0.12968927628026442,0.07527348602998805,0.1681266654125538,-0.007241735553203656,0.06060858562299626,0.10414916317758038,0.13329721732169292,0.08602503131176628,0.08604453054506676,0.16834057901144292,0.1900833290681396,0.10541422394174464,0.1710975105118102,0.09737403130146981,0.08368897475582264,0.11499987025230943,0.17165424235624058,-0.009648226884478776,0.1292076278604282,0.3074738143333257,0.15380741997911734,0.12799360538493104,0.20092489711364653,-0.00695519250840397,0.25870972331350073,-0.008654020669739436,0.2551272944102968,0.05497055910922985
A Painted House,0.06396565709004402,-0.012031522564675495,0.14086334914198176,1.0,0.054509964205185855,-0.012306037791705852,0.04245914384417696,0.052035782468658066,-0.013706116925482677,0.13102099178296242,0.0846772191763709,-0.0077534599166680625,0.0668753323512366,-0.009254142367528312,0.0738942891949872,-0.017306109255375877,-0.012062062377019605,0.0743153470825574,0.08900868685875209,0.13114424489343743,0.05337331941843641,0.03358414166141887,0.09218237133907296,0.04474349882723386,0.03682084605104104,-0.009665031339578394,0.04602478813444129,0.09630955398444688,-0.011940066250920993,0.06396659466252305,0.09428422921658546,0.073179872462047,-0.00966740952326952,0.043114387373826585,-0.010180541759420217,0.04434067495035143,-0.0097291076411392,0.04694156845423419,0.0905031163907019,-0.0037806580687260866,0.11326156872175783,0.04031823262214449,-0.009654765874791593,0.025231309230302826,0.04171223555962272,0.010877993881953386,0.04224084636326631,0.045451746504838506,0.05448718534427136,0.046457883721054735,0.11225658890943771,0.05336486954624753,-0.013813024459133768,0.024553812025273847,0.06015350900503928,0.18363988043536003,-0.004067535530649773,0.03318926323133118,0.025869314848579687,0.05807112009510772,-0.0020269945866408156,0.06797363820490941,-0.01272175249073489,0.050816704543210786,-0.00438768482556517,0.07518196603859677,0.05436166660090804,0.0248770125174574,-0.010567093869451224,0.04435137376667894,0.05841801952005416,0.0709607300408214,0.041996826652611084,-0.009140963656640856,0.14883145528748665,0.07557885918433416,0.1201605904497155,0.022571726726743478,0.05468145967802489,0.04503285966384086,0.06534998457112667,0.1480476581892822,-0.014078630517921508,0.041103819276418534,0.1415320725181349,-0.008467240610704876,0.0730186736280436,0.06536100555069019,-0.01014897210433137,0.054163434792861925,-0.012627891213847543,0.12334369661738129,0.024473211431666624
A Prayer for Owen Meany,0.08425446952299882,-0.010737354007791342,0.09871644043104358,0.054509964205185855,1.0,-0.010982341053887113,0.05707657871354926,0.12612472350077045,-0.012231820927899125,0.0643859293815695,-0.009451332136015215,-0.006919460397714923,0.10531304554767386,-0.008258722211134523,0.09636967024399029,-0.015444580731457649,-0.0107646088107232,0.03919720863004132,-0.012865290267377354,0.04574644276717647,0.0706473650098451,0.04778784391428209,0.11509278439691026,0.060856325604006105,0.05038180083311807,-0.008625413984938162,0.12690636675684602,0.02932761686814921,-0.010655735175947673,0.15255452946550305,0.05652684434757755,-0.009890363250713663,-0.008627536359729073,0.17023947957593719,-0.009085473619352028,0.05988931340673633,0.10314682405605742,0.06340707583592375,0.11784143024628901,-0.0007138975961820598,-0.011346629539434345,0.0559845572659272,0.06302578059271247,0.03710799666183807,0.05642231839003036,0.018027437533985443,0.05678312782820195,-0.010514975750698034,0.07216650129471242,0.13645421168030045,0.13849911123760983,0.07085711552446339,-0.012327228971955196,0.07689738565782117,0.027084001324754678,0.0654784907754932,-0.0010266106621943975,0.08962780590846264,0.036939852533367526,0.0770189271389662,0.0011708344367169189,0.08883009543069045,0.054882092080165853,0.1377120527869995,0.03946339037546859,0.03060452489201411,0.05603586917545282,0.03610071989298509,0.05748584256313895,-0.011549017520705748,0.07722930149633923,-0.013085687892381988,-0.013029435488541333,-0.00815771754789166,0.07421366817494716,0.04266043977378252,0.1569287071057899,-0.015157182194612094,0.16317649236563192,0.12502168614214718,0.17107481592550078,0.07858038215818954,-0.012564265162885065,0.0563338320834868,0.15398568959141465,-0.007556463400003421,0.09567592487096102,0.08906277872508178,-0.009057299748524738,0.07284939345295442,0.11717730619918827,0.11783523003435056,0.03679207693027149
A Time to Kill,0.0458068265344511,0.04597625395755081,0.027101570077459988,-0.012306037791705852,-0.010982341053887113,1.0,0.030533117738205478,0.06479225826297137,-0.013255228530087447,0.03184763111471847,-0.010242102800155917,-0.00749839532619403,-0.011757799982553831,-0.008949710016225644,0.06543127754499413,-0.0038413751389724067,-0.011665258236218763,-0.01213940444485737,-0.013941698754846495,0.12672658540573867,0.03293454407146079,0.03769107853189057,-0.012355215127605328,-0.012228782747424097,-0.010862310196061164,-0.009347082025718016,0.022714886538243658,-0.013614701195295047,-0.011547275401254345,-0.010852729620303005,-0.011953333589638595,-0.01071786661254739,-0.009349381974601001,0.047409887046457086,-0.00984563376446324,-0.011007056752596299,0.038352461562512284,-0.011665512859126556,0.03328689138115671,-0.010711560045036629,0.005271414406147151,-0.014061744309690464,-0.00933715426262828,0.12841328537774713,-0.010575089343198573,0.039494762023995954,-0.009769622175857357,0.06762035482537627,-0.009740155610483432,-0.010492492652176529,-0.010520164303829323,0.11506141822150223,0.024123072569124958,0.18059713774911587,0.02864043778434094,-0.010618098182833519,-0.010838633925511374,0.11561853539698075,-0.01172396037188069,-0.01066095648595267,-0.009863518245058737,0.04747988225593765,-0.012303246607679239,-0.010563140190920396,-0.021900371727097488,0.02906232936071391,-0.011675093913386812,0.01277538214936246,0.0724567903185204,0.24210412549716087,-0.010062335468538863,-0.014180536529217571,0.03839923670035171,0.16552819450546596,-0.010836694009617433,0.026788259979797457,0.2192303143291041,-0.016425347873062993,-0.009300901757691746,-0.011289724163843181,0.07123965248661157,0.06458573230565605,0.014902388330208455,0.17249080749157342,-0.010252875790101488,0.013893686327640042,0.017770187519609983,-0.015359707582504352,0.013453733144316202,-0.012630775284527924,-0.01221247307334914,0.0601840227144382,-0.015986736708814422
ANGELA'S ASHES,0.13374206336534752,-0.009601050082928997,0.17381631297709244,0.04245914384417696,0.05707657871354926,0.030533117738205478,1.0,0.05472302090848332,-0.010937361779164748,0.10397673068059812,-0.008451124282801207,-0.006187193397656263,0.0391352687721593,-0.007384724906393499,0.14133118185128365,-0.013810124263851687,0.04160538939377232,0.09063015040469598,0.054434430749810386,0.08790054508933531,0.1280373540078875,0.03687234671937749,0.09687044822486648,0.11236439050139646,0.03928865904894867,0.0371858016993922,0.04855504410151601,0.07959259418538674,0.0414322114208076,0.06654472243494686,0.044101259447585237,-0.008843693971490365,-0.0077145084926829345,0.045447741453524815,-0.008123983542242547,0.10981734661847489,-0.007763743052690177,0.0825381003238102,0.18966441564402708,-0.0015130296779160076,0.055566993703125823,0.0434825129190204,-0.0077044189714594,0.08004374895265672,0.044139070137624775,0.16175757094222706,0.044498175456718164,-0.00940220549028932,0.05678892126378365,0.048886754347664346,0.05362835736805442,0.20995262521596061,0.10292136527168996,0.10625648912176316,0.059491909264651414,0.051369304374047874,0.07196773352836298,0.07946027478303741,0.028475468560896996,0.06058396797239908,0.0739199023284424,0.13911854872593998,-0.010151847544614285,0.05327867567695495,0.08930948987442577,0.0680165947545187,-0.00963353635484951,0.13525056127546844,0.0613828730009009,0.02802619846911247,0.06080470113948066,-0.011700866408350838,0.010801166091323859,0.04366224984575172,0.09569957437688885,0.121701035863558,0.061691501513283724,0.03184059674273491,0.056890368332567276,0.04762576998412337,0.06768622385710685,0.09751465414209429,0.03753081314183157,0.18478528795336613,0.12058235700009746,0.1191124523120083,0.1811478101596861,0.15066575280482594,0.031690811659117274,0.11783188393776584,-0.010076947064197215,0.050843881999722534,0.02798224023612264
Angela's Ashes (MMP) : A Memoir,0.08111265665903696,-0.011337585583219269,0.09530731230633932,0.052035782468658066,0.12612472350077045,0.06479225826297137,0.05472302090848332,1.0,-0.012915595081249925,0.061656541373445194,-0.009979673473534375,-0.007306266924967145,0.09419874456315647,-0.008720395155904156,0.145831001076165,-0.016307952193136143,-0.011366363963867728,0.03716354114856177,-0.01358447615245873,0.05050832359108304,0.06794541471420126,0.05061766779418273,0.044963425669205574,0.05821089133251971,0.04813458203430938,-0.00910758546043771,0.11394431338614637,0.02745544599167075,0.030091869679577728,0.13847118909561482,0.05402362266457169,-0.010443246978978828,-0.009109826478645163,0.05560732903127815,-0.009593363006261992,0.05736539073675549,0.06813441359759839,0.06073398109225943,0.027702363824028218,-0.0015225556355818375,-0.010203860557170895,0.053333383070291125,-0.009097912072473194,0.04195098207013203,0.054028629994359686,0.016630902324154602,0.05444167049652067,-0.0031098670031197164,0.06939772696994191,0.059803754877156196,0.12455004820524083,0.06810409470512654,-0.013016336554803646,0.04239824663626855,0.02486533343584661,0.06282857258001232,-0.0018363656898521257,0.08767369255350108,0.03500136076121379,0.07404341518474813,0.0003751437367594435,0.08565542983986023,0.04365399178851427,0.12382838052305085,0.0009709480184548156,0.03311504101909969,-0.011375947625391465,0.06860599648370566,-0.009957620115559037,-0.012194622105975814,0.07429422104366842,-0.013817194281526191,0.023430626089980706,-0.008613744205121563,0.07130290173370553,0.040198524826558106,0.14140987283925716,-0.01600448771710104,0.14589629282552566,0.1121878163437845,0.15429102221268856,0.1296737683567815,-0.013266623366530098,0.12047272589137005,0.13986028711792017,-0.007978879195175714,0.09220670418475976,0.04660047952998857,-0.009563614180668364,0.06983794434382458,-0.011899557732861298,0.1139228109587933,0.034527964230182555
Angels &amp; Demons,-0.01135900834027253,-0.012959539362634274,-0.009392939578456586,-0.013706116925482677,-0.012231820927899125,-0.013255228530087447,-0.010937361779164748,-0.012915595081249925,1.0,-0.013409657088062304,-0.011407364491954045,-0.008351500688838814,-0.013095505155683513,-0.009967933953057385,-0.010278526236023532,-0.018640966087498854,-0.012992434775336499,-0.013520525415506225,-0.015527869856093916,0.026422458370961813,0.06040116647788243,0.027451472606247827,0.012437815135843102,-0.013620072441634034,-0.01209813395245875,-0.010410515661094006,-0.012225351410902124,-0.015163669220485605,-0.012861028829849103,-0.012087463378080717,0.047052481093096496,-0.011937256773444212,-0.010413077279126267,-0.011259471487785255,-0.010965788490602969,-0.012259348574257527,-0.010479534303400156,-0.012992718367131414,-0.012031236936075069,-0.01193023269687593,-0.01369490956923155,-0.015661573200657468,-0.0103994583992832,-0.01592368663624212,-0.011778235488029752,-0.012859004391632132,0.07731012048192545,-0.012691138062453311,-0.010848309905212499,-0.011686241629082793,-0.011717061532246912,0.07831142860052125,0.04088545276218808,-0.013141877471618168,0.12129918005056078,-0.011826137517492329,-0.012071763991793279,0.04399057228532542,-0.013057815554168488,-0.011873871883640195,-0.01098570771938662,-0.009992244587951195,-0.013703008183637637,0.0428471427198674,0.08922200978972841,0.04742731708649394,0.11376194861431399,-0.014263819742311985,-0.011382156182948409,-0.013939183438557969,-0.011207144721120419,0.03323082980391751,0.029481034829144475,-0.009846025528676862,0.06317947500537426,0.018903241026514195,-0.010914531936276626,-0.01829408801601951,-0.010359081384364865,0.0431596852392684,-0.010793666098256532,-0.0133404432103135,-0.015164545084648552,0.05348604491158155,-0.01141936314353719,-0.009120336798394645,-0.011480702152659146,0.023639927806430032,-0.010931783801205635,-0.014067800362673726,-0.013601907187823566,0.10720277038990002,0.058957028934870606
Balzac and the Little Chinese Seamstress : A Novel,0.12633154032268715,0.10439312114860574,0.1735438745953652,0.13102099178296242,0.0643859293815695,0.03184763111471847,0.10397673068059812,0.061656541373445194,-0.013409657088062304,1.0,0.25268186408328086,-0.0075857545425757926,0.04385205947382842,0.06332233997393265,0.08630009614426352,0.06627249802855431,0.027185029584562048,0.10260615850851854,0.12346833292966916,0.09863173277751307,0.19143017234012255,0.09706306546305232,0.10971431866426383,0.05340781626171812,0.04408962985676287,-0.009455979159798213,0.09119441020189127,0.1397216655874115,-0.011681805642261291,0.07520273249955352,0.11110665389846407,0.006327474888616543,0.04926176283437329,0.051172676160935564,-0.009960339219834575,0.09531363542899113,-0.009518669507186436,0.10926629993594254,0.0249299124115282,-0.002474438024562692,-0.01243922815139072,0.19467312680833354,-0.009445935734414587,0.031401677192298534,0.04964634877865575,0.07646251656274394,0.05011245936171225,0.041787442788262824,0.06414423825126388,0.05507152991190278,0.06048207613681327,0.06290452091577525,0.05761537594908107,0.03019165455748911,0.06659031298223479,0.1265349319708623,0.054504705441623856,0.09582956499519558,0.1632949576472906,0.06841199029683541,-0.0006115469916156952,0.20299522978869008,0.054658237096837814,0.13084604637100491,0.04062584932212524,0.11774432393827274,0.055875366520913454,0.03073693415320436,0.04389716201037124,-0.012661104635978918,0.06870571945942157,0.05513586696498831,0.04337972270660645,-0.008943246928099393,0.19095881122827488,0.1573554091475219,0.06973632018096863,0.10256089018695859,0.06429068503106579,0.05357651097588066,0.07658678737628537,0.0696115849572311,-0.013774113305852159,0.15907949714645372,0.1542572551491874,0.10486237675229584,0.20697208917289606,0.11921132982818788,0.0894252729784688,0.11906788541659317,0.07668350737739338,0.2537856602818393,0.030825976931528894
Bel Canto: A Novel,-0.00877692382781818,0.060225409209862406,0.08978660235423377,0.0846772191763709,-0.009451332136015215,-0.010242102800155917,-0.008451124282801207,-0.009979673473534375,-0.011407364491954045,0.25268186408328086,1.0,-0.006453070831370717,-0.01011868710675467,-0.007702062927141751,-0.00794205260999436,0.035906057207445434,-0.010039046274552538,0.050786469722605664,0.03313331501379893,0.10318635509582692,-0.008110853129335939,-0.012714299989539298,-0.01063281874146379,-0.010524011847562324,-0.009348034351115165,-0.008044038724910201,-0.009446333243842198,-0.011716724357580654,0.04911821845683742,-0.009339789369184576,0.0600672260874968,0.010386718813151055,0.0590193710088939,-0.008700013296003149,-0.008473089147470247,-0.009472602307495788,-0.008097368324473268,-0.010039265401390707,0.054410134074636865,-0.009218299739897318,-0.010581837297525865,0.08285476816519079,-0.008035494955793176,-0.012303977642910158,-0.009100853930886513,-0.009935946753977533,-0.008407674062783387,-0.009806239129832698,-0.008382315325981252,-0.009029771749377616,-0.009053585794965832,-0.00861385828413514,-0.011496341786538987,-0.01015451825261577,0.03525573552619381,0.06925541352170768,-0.009327658704828967,-0.012506381903565214,0.10817125653993716,-0.009174750642139367,-0.008488480416541091,-0.007720847365384696,0.06605369113569254,0.071732865930457,-0.01884731917169283,0.07544423058756859,0.06725859936102012,-0.011021425077058928,-0.008794809795136655,-0.010770583804261257,-0.008659581241424493,-0.012203678609770958,-0.012151217763757795,-0.007607866240009871,0.15957803786158423,0.06681515796563829,-0.008433484028825915,0.03320885785981939,-0.008004296283011478,-0.009715864065131365,-0.00834009293147751,-0.010307946818837033,-0.01171740112379224,0.03639043115463505,0.08024176950735806,-0.007047138180165837,-0.008870954687699401,0.08058767964026502,-0.008446814268564607,-0.010869964041700646,-0.01050997584686303,0.20385402512262682,-0.013758082877288922
Black Notice,-0.006425716075401125,-0.007331125915017595,-0.0053135239482632315,-0.0077534599166680625,-0.006919460397714923,-0.00749839532619403,-0.006187193397656263,-0.007306266924967145,-0.008351500688838814,-0.0075857545425757926,-0.006453070831370717,1.0,-0.007408040867091665,-0.005638794472366821,-0.00581449447766354,-0.010545071529243595,-0.007349734632951011,-0.0076484720239410504,-0.008784013530237922,-0.008711382835549593,-0.005938075840786604,0.0597027298249045,-0.0077844442602203355,-0.00770478511984574,-0.006843834557727343,-0.005889160024606684,-0.006915800634633269,-0.008577987633540339,-0.007275399156558414,-0.006837798284202334,-0.007531237464611871,-0.006752827398969143,-0.005890609115026892,-0.006369408734657756,-0.0062032742007675605,-0.006935032605642261,-0.005928203415198853,-0.007349895058958338,-0.006805991356921785,-0.0067488539251968505,-0.0077471199891789334,-0.00885964863013046,-0.005882905004552196,0.17784459209538447,-0.006662870106975981,-0.007274253945215596,-0.0061553828473170456,-0.007179293070321364,-0.006136817340094034,-0.00661082978791241,-0.006628264403793608,-0.0063063333729937955,-0.008416642285527597,-0.007434273380267851,-0.011910509552757334,-0.006689967969002446,0.0940139806389627,-0.009156107631712432,-0.007386720108177187,-0.006716970984997932,0.1256969594086035,-0.005652546838133363,-0.0077517013219167066,-0.006655341503960538,-0.01379840182683549,-0.011258892027278295,-0.007355931633965171,-0.008068948720623872,-0.006438810657281656,-0.00788530410542493,-0.006339807827988832,-0.008934494061950618,-0.008896086698713895,-0.005569831681003124,-0.006827694994516891,-0.010348791135929819,-0.006174278706157626,-0.010348844892785702,-0.005860063993606035,0.08299136970635643,-0.00610590569901941,-0.007546600708581787,-0.008578483104118703,-0.0077930708768117,-0.006459858389408452,-0.005159314354118238,-0.006494557462175803,-0.009677434694126795,-0.006184037972326316,-0.00795806185082857,-0.007694509155613029,-0.007280648012677453,-0.01007249647434537
Chicken Soup for the Soul (Chicken Soup for the Soul),0.0590875254657236,-0.011495514494225154,0.11945703188528191,0.0668753323512366,0.10531304554767386,-0.011757799982553831,0.0391352687721593,0.09419874456315647,-0.013095505155683513,0.04385205947382842,-0.01011868710675467,-0.007408040867091665,1.0,0.05474156170169389,0.12979769653082762,0.05799405599857305,-0.011524693748435523,0.04117140811920312,0.018226785501102138,0.147571337144814,0.049277224648944754,0.030757812453667786,0.08057905033930005,0.10111581928967134,0.03387231472055016,-0.009234451188868321,0.09566914985477945,0.017482024601609494,0.09530522254673639,0.11490353754630701,0.07816130237983232,-0.010588718041635834,-0.009236723423736718,0.03973534215671827,-0.009726995459251427,0.0925711112861179,-0.009295672871275477,0.09801299894456234,0.07436947640769172,-0.0038108297029686247,-0.0034699580151310765,0.0370286193816629,-0.009224643053728967,0.023017914199976765,0.03842071665740136,0.009772244352370327,0.03893406050900918,0.16568530824620778,0.05030226509806645,0.042828077598458844,0.10480336853274633,0.10100176269780553,-0.013197649925476528,0.022459350476360863,0.05178107821098008,0.045094661863464044,-0.0040806939789404875,0.15898059008307705,0.023682559493550307,0.103079037343104,-0.0021591611690958295,0.062842382742061,0.04218792074741624,0.20651554599144575,0.030173628647446375,0.017120495385039746,0.0432795437647309,0.14994292399893402,0.04637381362646983,-0.012364489259364743,0.053941900005210895,0.0776262908976482,-0.013949438977369376,-0.008733730884120593,0.0514777554347849,0.02646546575043588,0.11932317363388745,0.026933472028688045,0.12509969503835872,0.09411946705953697,0.18365157963982018,0.05435237552410119,-0.01345142315177733,0.03780547386312525,0.11617434405075958,-0.008090022409318833,0.09855627417659543,0.12245449200116108,-0.009696832242110721,0.049920382325324454,-0.012065314734685703,0.1303339928333105,0.07482676830960375
Cold Mountain : A Novel,-0.007669413657152323,-0.008750065604389368,-0.006341956703070179,-0.009254142367528312,-0.008258722211134523,-0.008949710016225644,-0.007384724906393499,-0.008720395155904156,-0.009967933953057385,0.06332233997393265,-0.007702062927141751,-0.005638794472366821,0.05474156170169389,1.0,-0.006939890096785161,0.10545828524522209,-0.008772276040360382,0.021446507425077223,0.11318113340287769,0.04284193672787776,0.08918299885227852,-0.011109954682738128,-0.009291123731909967,0.03456908014181803,-0.008168458987047376,-0.007029007163073968,0.04036207655599984,-0.010238257454201535,0.22476231012192505,-0.00816125439256053,0.03882621892067382,-0.008059837389378172,-0.007030736724998066,-0.0076022080285457014,-0.007403918149535968,-0.008277308420476586,-0.007075607403345297,0.062334277732234517,0.15490360159671995,-0.008055094849611704,-0.009246575346841441,0.04148782768633475,-0.007021541483658841,0.018311271333997584,0.05322758656002995,0.07380648880664871,-0.007346757422870981,0.15216501446035027,-0.007324598561044919,0.04205636425621087,-0.007911165221924015,-0.0075269244283213904,-0.010045683708171268,-0.008873177265316851,-0.014215789112944622,0.08081314109740248,-0.008150654427845745,0.04626970462870123,0.07359656741813037,0.08682972593727963,-0.0074173672817750376,0.08634930856026155,-0.009252043396698427,-0.007943483095819999,-0.016469083005819164,0.033967757491857285,-0.00877967247114781,0.024823146917865718,-0.007685042695835461,-0.009411505003848184,0.1090667951413134,0.038646697023461164,-0.010617924605090544,-0.00664787280686978,0.03221757011177953,0.08586007344418164,-0.007369310575882275,0.03591346817297777,-0.006994279594207443,-0.00848987435848323,-0.007287703970708118,-0.009007245552140202,0.03837083151191818,-0.0093014200304586,-0.007710164217286304,0.0496053042371038,-0.007751579296858722,-0.011550502533634365,-0.0073809587483753426,0.06341315990275559,0.054613447551579666,-0.008689817702202436,-0.012022028535884364
Congo,0.1938012901013527,-0.009022710152895578,0.24641521371811326,0.0738942891949872,0.09636967024399029,0.06543127754499413,0.14133118185128365,0.145831001076165,-0.010278526236023532,0.08630009614426352,-0.00794205260999436,-0.00581449447766354,0.12979769653082762,-0.006939890096785161,1.0,-0.012978241685225239,0.05414445284433484,0.12891600767646638,-0.010810837104856866,0.12823988029081237,0.09320274085252672,0.06635009408804383,0.1389850012276267,0.16186586510217188,0.06809671177003537,0.04813141604809854,0.14376220115021204,0.04250910002836847,0.05390225853471904,0.1113156270275341,0.07631040797944184,-0.008310975017987285,-0.007249808458482167,0.07746266367661557,-0.0076346178965235175,0.15783860574236036,-0.007296077268728313,0.12551219643039718,0.10924701174452581,0.003310995417791639,0.07151807330780156,0.07645318247043377,-0.007240326701299873,0.11635356189350628,0.0756356151062101,0.10273699728676758,0.07577570009604917,0.049031041682797594,0.09525126801075313,0.08312069610409542,0.09065491833740014,0.18247588721134175,0.0511288597712956,0.1885467868972458,0.09049541429682302,0.08712460906222476,0.002964868133890526,0.1185930114442463,0.05140796956335833,0.10176052967857432,0.09645766017103824,0.2011047705262165,-0.009540329143194673,0.15839709332986826,0.05731728069840385,0.10148185626560391,-0.009053239544259578,0.12945872825986082,-0.007924502042860925,0.03760133613039908,0.10179144884307478,-0.010996039519470402,0.05828332327306745,0.05599690238149071,0.14437202370373642,0.11177372329098355,0.10305772126082696,0.043253655924067984,0.09517797747157516,0.08154597590388359,0.11250659779857707,0.20897009124920396,-0.01055788258136735,0.07622944753367032,0.17796601635946718,0.10232661961404646,0.12525569619441138,0.15390067958216364,-0.007610943100090863,0.17218761692406453,-0.009469940454532639,0.08679116242732123,0.08312744584208241
Divine Secrets of the Ya-Ya Sisterhood: A Novel,-0.014342518777436966,0.022989290106385066,0.061929053749612384,-0.017306109255375877,-0.015444580731457649,-0.0038413751389724067,-0.013810124263851687,-0.016307952193136143,-0.018640966087498854,0.06627249802855431,0.035906057207445434,-0.010545071529243595,0.05799405599857305,0.10545828524522209,-0.012978241685225239,1.0,0.016338015206690537,0.033776465598637125,0.10208124828142838,0.023758840985439064,0.06197466478760224,-0.020776651355223764,0.06082843053493125,-0.017197464681102708,-0.015275780084595273,0.0270291983839252,0.029275397312150633,0.028209842209874353,0.1386350314883111,-0.015262306821014707,0.022607146321602756,-0.004085530061033853,0.02442649968874888,-0.014216837984441632,0.04090359862704836,-0.015479338676250605,0.012867330495938767,0.022062795633128938,0.042889062716662596,0.0879379989124855,0.042706392560004934,0.08685033113453221,-0.013130937393370679,0.012911440775722554,0.023742329700645767,0.06743660079395951,-0.013739121528871303,0.1249035239907581,0.02255528164807211,-0.01475570181672783,-0.014794616748965584,0.03192545839938443,-0.018786365380392876,-0.016593668985979217,-0.026584851385392207,0.12232170533530226,0.04367043030276141,0.034573966202147755,0.07268188483039155,0.09966590783757678,-0.013871168549996548,0.03774730541681451,0.05068613004650397,0.030427781121878723,0.0026791418624880835,0.025245914793337702,0.07561959262560872,-0.018010296001523783,-0.014371746537316245,-0.017600392060708677,-0.014150767284344336,0.07509290021702636,0.07239032092535888,-0.012432142119968152,0.04959200745854354,0.07641762231573503,0.021612897012834014,0.0506751465462887,-0.013079955117691722,-0.015876856803918777,-0.01362868606608618,-0.016844389185355805,0.10065172104741531,0.03970202549030922,0.0798377904768771,-0.011515846970879687,0.013121863379061882,0.04491648014262863,0.02513753441092949,0.08331370750112604,0.017339215473267854,0.040715025308766715,-0.009324779120443313
Fahrenheit 451,0.12059958977731194,-0.011405037110029648,0.08453930156510132,-0.012062062377019605,-0.0107646088107232,-0.011665258236218763,0.04160538939377232,-0.011366363963867728,-0.012992434775336499,0.027185029584562048,-0.010039046274552538,-0.007349734632951011,-0.011524693748435523,-0.008772276040360382,0.05414445284433484,0.016338015206690537,1.0,0.04666019649055333,0.04927658278537196,0.03743065467762453,0.0771904016646412,0.02833804510733313,0.0982007948728873,0.050879000271681823,-0.010646957644785793,0.03437667009133056,-0.010758915315038645,0.0542569777650218,0.038098350848032876,-0.010637567010337998,-0.011716350771222309,-0.010505377751745164,-0.00916402423534139,-0.009908893099068344,-0.009650437502173748,0.10450935766479263,-0.009222509711318388,0.02048436820440811,0.08936507223672557,0.04632938295723587,0.05167020077241915,-0.013782960841181916,-0.009152038945921735,0.036082011976205204,-0.010365431137078796,0.047927852174239914,0.08598796884459413,-0.011168830659839752,0.05331524553594476,-0.010284471980597523,-0.010311595023282777,0.059984641378177155,0.11833208148510005,0.024223335435949626,0.01979490080144735,0.1390100408674422,-0.010623750772105835,0.16181432371441232,-0.011491525030635212,-0.010449595906403165,0.061947811382718314,0.058068991016534885,-0.012059326530079692,-0.01035371888472176,0.03631200409571596,0.026259832073416273,-0.011443627382304047,0.04931009645910882,-0.010016861712922253,0.024924131082447735,-0.009862842950296791,-0.013899397925651638,0.007932022798759136,0.040748191868306076,0.025618055206179633,0.024207244605998362,-0.009605329193315998,0.06753594193782304,-0.009116505171097621,-0.011065897845316528,-0.009498961263918106,0.0924045635775813,0.13147496811687925,0.10740804043227421,0.04147602659905074,0.07741331250378133,-0.010103587051697437,0.024192394169419942,0.04946181441730508,0.046531352806084766,-0.011970352641667785,0.05372899230039854,-0.015669788980875336
Fall On Your Knees (Oprah #45),0.1235816011609966,-0.011868606368043417,0.16561802805903347,0.0743153470825574,0.03919720863004132,-0.01213940444485737,0.09063015040469598,0.03716354114856177,-0.013520525415506225,0.10260615850851854,0.050786469722605664,-0.0076484720239410504,0.04117140811920312,0.021446507425077223,0.12891600767646638,0.033776465598637125,0.04666019649055333,1.0,0.001167329037775754,0.08160518153412545,0.03868385999703474,0.07839843502176332,0.16076904572193937,0.1055411297141041,0.025689285349863394,0.04178657823078362,0.0327058374764821,0.05127764565671739,0.06866167677050737,0.10016022566370364,0.028929768911537066,-0.010932379446044638,-0.009536505260542245,0.030677275383307903,-0.010042689286120777,0.10336108117006952,-0.009597367937789278,0.07087360837942328,0.10268655396895073,-0.005343744283770311,0.10930707477120033,0.14726656866221732,-0.00952403281692309,0.1275742085944307,0.029497803828367596,0.0755160683088283,0.030086581676545,0.06428761224222218,0.03946399643964197,0.033147984762078836,0.036750390447487916,0.12081468004878437,0.11458170804522327,0.05827428948816422,0.05299662539636049,0.03499061444214737,-0.005592332717014816,0.1409510760605526,0.01711222615484496,0.06578717549420864,0.08060893510785684,0.12877350217419778,-0.012549490042724345,0.036467109563259506,0.07545420873382251,0.1601427364464291,-0.01190876518092949,0.08902587031693109,-0.01042400717918316,0.03107329531320437,0.04239808199637063,0.10458831753932282,0.0690034116346962,0.04922837552289681,0.08292518358986206,0.0659512562146293,0.043176635372844906,0.1279527447638151,0.03971315488878492,0.0318751723847548,0.047787235618855346,0.08326272966621572,-0.013887994883450596,0.09735229736983154,0.10812095433043642,0.2056595851303265,0.1303479875215627,0.06914821432097952,0.08947848486260869,0.15000486801191104,0.06470037510221263,0.0546724722761151,0.015068610636021513
Girl with a Pearl Earring,-0.011947275905081968,0.03932275385527874,0.03889533708337074,0.08900868685875209,-0.012865290267377354,-0.013941698754846495,0.054434430749810386,-0.01358447615245873,-0.015527869856093916,0.12346833292966916,0.03313331501379893,-0.008784013530237922,0.018226785501102138,0.11318113340287769,-0.010810837104856866,0.10208124828142838,0.04927658278537196,0.001167329037775754,1.0,-0.016196995483434742,0.12047004957899024,-0.017306889394842463,-0.014473546956208781,-0.014325437435456728,-0.012724679825633111,-0.01094966208241051,0.018600173502708574,0.1874779901764287,0.030995231871514397,-0.012713456636747179,0.06261095052158305,-0.0026992163151850356,0.022754860667775895,-0.011842584174627566,-0.01153369173517681,0.04210036898193107,-0.011022255106160823,0.032346070323255316,0.04137777926903735,0.03865202262229549,0.030807124054222153,0.04248200587778517,-0.010938032180076517,0.02274391680664264,-0.012388214255606631,0.03985171396093728,-0.011444647773939349,0.07774779891653295,0.02044774760224988,-0.012291456160050397,-0.012323872184005966,-0.011725308723958808,0.021098647620871703,-0.013822477399504752,0.016699296419501006,0.02696204400439816,0.057768694421047984,0.06463663637988579,0.07958940065657856,0.035246006686501824,-0.011554642553678357,0.04973065324529628,0.02410766765524306,0.028247826566391403,0.04922482226295975,0.009741734990659787,0.025177409443816218,-0.015002523531703614,0.05474203470512568,-0.014661074756109001,-0.011787547476014631,0.013301693906153567,0.03862772629400139,-0.010355937775177348,0.013425804646109379,0.13207005362021057,-0.011479780673741148,0.0045538925434278205,-0.010895564094570938,-0.013225374962750613,-0.01135265535865485,-0.014031326587252865,-0.015949896212243107,0.009150328208117939,0.03275368023019091,-0.009592666614335651,0.042981213187184016,0.0394674609707913,-0.01149792598924845,0.06850492651399898,0.02697549995478226,0.02602639758560277,-0.01872770178761091
